1000 3000
796 848 719
454 306 144
413 234 721
882 474 332
595 329 513
244 24 35
723 280 745
558 260 867
593 334 538
862 363 753
535 510 952
605 963 609
748 728 842
820 609 667
503 556 347
16 799 370
402 873 2
147 430 261
365 22 947
254 235 661
6 121 170
310 78 485
918 825 212
112 997 172
130 499 79
477 866 877
198 268 749
199 414 179
460 778 552
406 32 139
66 389 259
587 698 336
423 968 513
634 79 861
158 208 359
236 684 225
465 882 492
565 432 257
95 891 386
647 648 769
785 65 158
395 652 207
731 74 526
595 60 604
455 217 164
165 804 199
741 268 432
232 833 864
840 927 754
226 925 754
346 61 818
503 456 821
62 538 247
587 132 306
543 938 874
706 102 677
256 843 297
688 426 481
551 618 407
656 195 684
409 540 744
579 395 199
399 456 88
645 394 219
302 936 508
175 993 962
204 249 804
500 936 581
980 838 198
738 493 392
421 254 284
165 832 678
715 582 485
803 227 878
373 528 166
881 703 158
842 258 758
997 109 693
929 88 882
127 177 375
870 950 980
153 466 163
182 180 744
666 334 970
896 707 498
61 939 552
570 132 161
328 128 269
372 408 708
254 534 884
980 756 185
959 260 650
121 442 182
864 459 515
186 354 573
35 766 511
586 336 994
98 15 473
366 386 881
73 639 766
308 618 521
845 928 133
494 400 926
675 264 384
542 449 90
114 483 855
977 420 542
322 517 556
795 234 294
675 658 932
440 317 902
313 161 181
797 7 581
722 681 844
457 574 644
546 40 478
753 16 249
646 337 117
202 483 350
495 157 359
778 949 675
31 613 188
212 409 194
792 130 226
987 586 800
982 484 839
811 236 206
59 233 894
175 434 377
876 280 885
234 410 185
260 440 797
447 3 205
640 146 686
218 484 272
17 465 107
207 275 694
764 685 926
9 211 360
737 86 991
622 671 400
806 931 192
603 729 194
159 369 340
845 938 823
468 306 640
574 512 266
267 627 951
192 635 161
903 372 599
894 345 269
645 150 551
836 104 280
382 263 1000
73 459 937
247 926 242
886 499 105
152 765 731
454 308 717
966 211 88
564 456 432
185 452 934
87 640 37
366 21 651
717 445 461
5 691 386
246 577 884
702 80 1000
784 885 660
501 850 222
940 766 677
372 302 480
657 388 119
45 106 491
48 822 935
508 827 626
894 424 554
129 126 985
481 261 869
140 761 718
361 701 835
389 424 136
868 80 524
339 124 981
829 171 154
116 31 980
93 924 756
646 52 233
630 884 493
498 375 606
567 735 306
402 475 729
537 695 160
412 385 635
392 213 158
546 680 188
877 772 111
984 417 514
216 398 750
61 247 124
666 166 211
323 567 685
51 455 731
210 867 115
844 610 680
353 507 359
540 384 483
2 719 251
516 287 649
265 347 247
388 364 412
598 686 330
635 88 785
717 649 3
832 844 612
863 197 471
573 736 854
55 738 924
306 605 210
306 869 908
904 608 271
316 558 956
645 544 395
781 260 43
783 443 887
747 305 83
217 230 818
422 636 555
345 293 511
555 950 731
462 854 339
85 521 248
392 517 791
787 298 50
829 80 845
715 178 149
797 394 730
967 167 366
873 512 658
384 418 960
114 879 813
804 963 333
51 707 849
193 493 498
595 321 930
439 388 107
939 536 853
669 502 19
386 727 530
395 462 947
354 575 178
166 731 492
850 781 198
699 326 690
196 920 363
477 358 102
584 296 637
436 964 491
454 349 569
336 744 30
282 97 604
811 615 686
303 464 467
500 514 144
542 62 63
256 538 420
709 121 715
345 908 31
187 362 731
755 49 474
784 330 923
740 493 889
425 795 352
243 646 866
386 539 279
448 146 816
219 854 289
286 199 196
316 737 909
46 492 957
872 627 639
146 366 131
34 143 277
737 385 922
954 123 813
232 922 958
400 141 812
688 426 362
235 93 98
496 138 941
804 361 568
442 506 285
924 891 427
200 628 164
474 581 286
286 813 207
595 564 347
406 251 124
767 837 216
217 332 706
157 136 66
76 929 924
361 205 166
139 756 793
302 581 726
587 218 890
146 813 453
844 218 703
968 337 891
183 905 223
240 413 710
306 489 990
581 201 194
746 339 302
891 641 882
616 579 100
505 724 912
957 568 481
11 535 169
901 69 425
123 309 838
184 966 326
174 546 878
719 643 216
372 533 856
254 148 787
705 652 510
968 608 77
800 618 963
321 871 384
745 345 692
582 529 9
259 54 906
136 124 548
704 496 81
911 101 228
697 805 232
207 124 191
635 923 161
950 243 31
333 988 375
376 921 903
736 532 956
641 19 432
188 722 927
268 633 27
848 329 183
79 887 306
269 522 580
429 823 823
459 507 162
834 882 434
88 617 965
396 257 984
827 796 705
105 64 689
483 911 18
665 341 256
322 609 129
253 390 951
75 848 457
588 33 690
22 121 658
338 868 914
673 694 62
730 798 125
418 280 387
787 296 727
43 969 687
171 221 76
122 648 276
930 235 308
620 608 780
277 298 999
543 970 692
604 699 841
80 117 472
818 255 119
544 297 87
582 820 308
658 293 955
285 222 541
944 193 501
724 470 798
722 364 767
766 319 818
958 750 286
782 567 540
900 462 189
339 43 8
646 52 300
952 688 873
844 632 66
344 707 887
493 780 250
260 545 920
429 855 669
714 636 587
253 887 48
441 225 442
800 222 846
99 173 533
972 369 164
389 712 870
275 205 650
876 816 546
795 244 752
815 957 739
753 561 626
152 354 850
593 153 424
790 604 948
675 927 316
190 315 28
60 589 584
61 464 751
958 610 994
62 776 302
800 528 862
425 679 567
627 623 720
50 765 675
997 439 601
313 628 267
692 39 855
627 451 670
377 409 631
722 470 406
23 621 285
236 46 963
803 24 937
874 425 701
900 421 139
500 85 119
118 128 157
972 754 608
993 482 368
623 203 189
380 577 809
664 813 206
978 967 229
914 192 653
967 91 426
457 942 862
575 59 990
732 382 95
339 374 577
706 348 131
894 727 708
54 390 872
260 367 838
488 632 29
493 950 119
270 407 60
131 981 470
472 712 851
567 402 576
495 107 923
977 352 1
684 758 390
555 17 108
744 856 91
772 700 41
242 969 447
301 100 427
770 571 491
972 489 892
547 335 351
821 312 54
821 347 811
562 254 179
669 997 35
112 121 734
152 362 703
950 15 154
728 136 76
218 108 917
462 6 251
812 827 914
865 647 613
28 209 866
206 229 214
240 340 686
326 843 48
380 144 62
533 872 197
608 441 656
524 902 662
127 713 488
392 930 134
4 957 694
221 514 923
435 754 614
472 431 457
519 810 600
932 342 823
481 301 264
136 177 165
797 303 230
636 694 159
122 50 467
815 270 980
89 56 85
703 528 515
511 398 676
110 330 17
933 810 670
548 945 846
712 94 500
293 81 545
803 554 594
269 721 216
601 809 271
37 511 150
904 21 548
579 483 877
948 767 38
969 314 334
814 377 427
665 670 860
209 472 413
155 93 133
370 45 942
992 81 804
494 336 177
41 267 11
269 566 777
306 534 442
639 347 170
418 363 839
629 571 311
41 725 755
174 446 799
467 438 231
622 931 919
150 323 185
160 943 102
288 600 635
81 238 333
251 7 695
89 635 617
751 28 342
857 553 139
655 19 928
238 992 210
156 142 532
692 653 474
793 941 73
779 21 663
111 623 21
157 712 8
773 814 387
466 671 939
605 677 309
532 914 300
742 421 793
625 112 446
451 256 738
875 34 758
889 496 733
910 652 796
269 425 609
655 242 631
593 846 308
253 730 573
552 471 994
697 447 457
142 897 713
879 772 98
988 660 594
720 921 597
515 189 373
476 195 615
106 139 460
765 391 541
338 295 363
683 991 810
139 484 706
203 714 829
653 701 841
246 773 761
194 639 302
567 114 848
181 572 987
992 688 729
533 25 375
895 59 365
704 550 200
762 752 913
942 404 966
782 1 738
895 195 376
548 761 842
395 293 765
733 284 452
814 816 477
188 711 887
905 766 436
104 527 540
369 821 295
334 602 296
71 848 842
798 747 954
991 494 246
755 226 529
207 391 697
35 579 407
921 483 172
357 938 51
248 306 871
542 991 824
189 413 24
382 211 770
335 201 615
932 956 193
813 514 583
509 548 161
267 468 995
438 176 285
840 423 942
62 317 933
238 505 345
613 887 555
734 573 108
349 505 415
541 669 928
123 177 475
636 443 294
630 232 470
266 424 244
208 485 560
140 74 417
484 686 303
391 420 227
850 768 83
616 308 751
543 782 927
369 417 721
14 399 953
835 664 376
79 871 212
990 362 286
406 198 323
708 588 742
287 789 861
369 404 168
120 298 950
398 18 718
119 31 116
423 866 132
150 296 2
361 285 716
998 691 913
321 750 852
414 36 640
275 405 395
794 876 44
95 273 61
813 743 91
280 165 308
411 314 603
765 27 888
480 376 578
392 48 679
595 462 715
586 736 471
980 881 346
23 976 970
435 788 713
525 67 877
185 478 543
787 242 921
26 73 296
603 816 344
634 410 805
348 995 892
170 326 772
867 348 99
836 134 238
548 10 305
777 194 134
671 981 727
591 6 151
886 961 966
229 946 375
385 645 369
628 814 694
752 680 393
850 867 526
88 767 887
744 895 81
229 565 413
955 155 770
457 392 82
422 973 27
796 357 671
516 337 484
561 88 515
305 937 734
182 24 500
68 119 394
148 347 958
560 653 464
330 109 855
411 530 827
790 677 536
460 192 872
296 752 959
810 408 247
543 589 623
394 657 741
787 804 88
96 716 92
911 397 201
766 159 730
944 948 759
831 408 950
54 703 54
364 864 461
611 759 50
233 152 706
325 291 861
764 386 576
856 297 324
56 414 483
137 709 430
895 540 837
197 593 891
250 309 755
62 919 513
111 503 16
168 827 306
29 591 692
956 798 340
280 205 753
762 341 461
543 588 352
732 784 297
622 385 605
728 446 875
592 909 377
608 76 555
913 456 497
956 764 294
647 395 498
751 156 191
564 50 778
915 781 913
563 403 649
167 482 94
41 74 2
769 681 430
324 945 885
820 253 1000
114 899 394
963 650 901
153 213 951
282 479 731
546 42 485
194 208 967
288 601 40
641 369 72
70 692 368
307 864 620
658 977 519
52 291 520
952 444 732
902 77 210
985 623 251
469 816 811
787 455 763
178 96 131
601 517 175
969 175 38
588 833 366
458 884 656
977 187 451
60 89 528
270 425 150
872 245 317
682 32 772
796 561 867
927 162 735
453 482 262
842 421 94
559 879 329
566 207 515
17 267 955
896 888 379
397 759 976
713 793 359
484 588 919
702 866 432
789 318 913
50 511 334
495 69 564
823 635 770
689 3 36
644 898 923
374 646 34
349 358 826
707 194 765
978 247 631
409 387 300
674 436 811
359 930 231
922 104 217
691 793 219
79 788 468
353 161 113
386 862 823
563 920 16
328 897 614
958 658 1
609 331 788
419 689 718
2 962 173
218 652 965
789 82 104
256 435 265
369 172 478
191 735 397
558 62 294
523 371 303
523 979 633
311 750 673
380 751 634
552 320 637
869 108 719
972 364 505
588 84 676
65 626 762
462 535 823
107 57 545
409 932 524
393 242 273
65 973 375
50 876 694
686 744 154
404 68 517
260 655 952
288 720 577
49 533 463
224 991 519
768 751 450
643 495 43
267 559 15
993 608 243
39 645 986
192 401 53
60 660 60
11 947 131
939 348 15
401 923 357
271 690 107
721 685 601
115 951 511
482 944 470
724 982 114
61 525 514
114 584 526
525 946 824
655 884 171
669 636 93
25 906 135
483 978 171
435 93 121
945 574 416
414 297 749
879 709 273
393 822 208
270 698 153
93 352 388
264 372 375
708 748 281
194 230 610
364 664 702
837 960 627
252 725 275
353 604 984
977 348 157
185 617 855
337 61 558
77 324 930
451 384 29
83 577 611
693 293 274
746 129 586
373 732 310
999 436 265
334 413 964
491 597 932
697 285 993
254 713 668
535 164 51
916 598 980
526 290 624
151 36 752
736 760 835
398 110 623
14 444 35
978 286 983
261 982 619
253 587 684
921 474 847
323 741 444
654 266 86
277 416 473
380 152 584
567 901 693
189 914 488
575 243 773
557 504 106
527 108 45
210 28 870
408 703 610
204 356 875
289 985 290
113 716 793
696 282 45
740 470 959
228 396 553
1000 952 56
458 831 164
502 40 543
371 800 597
980 3 953
206 643 289
847 755 4
992 450 286
36 189 107
346 768 503
899 120 806
306 577 988
469 430 28
364 800 179
960 131 181
264 336 823
904 534 929
908 525 730
545 561 270
3 258 38
857 156 157
663 814 85
650 634 514
29 997 665
207 309 795
739 572 482
913 828 15
841 735 892
922 631 452
192 633 61
581 490 217
89 504 30
173 505 663
686 534 12
350 92 320
496 183 243
329 95 70
695 288 156
586 209 786
389 752 419
450 332 260
18 420 763
399 592 619
413 629 504
424 330 948
95 825 130
690 505 224
759 200 511
267 785 72
52 526 823
822 975 507
433 344 926
547 742 870
166 154 498
669 930 180
616 24 356
745 713 861
321 824 60
183 90 196
254 493 721
429 315 47
935 99 390
860 646 131
81 811 285
931 831 566
110 447 589
465 543 654
325 863 477
736 398 566
932 651 58
4 431 724
51 365 823
440 577 468
571 657 630
207 587 460
772 696 258
712 513 801
365 189 15
841 925 412
758 208 415
168 211 845
891 261 562
65 701 138
884 623 794
513 181 733
325 952 780
582 663 292
734 380 481
749 220 757
512 978 964
278 145 526
475 387 787
36 804 839
525 687 813
670 200 993
402 876 296
534 457 310
177 191 689
9 291 261
765 154 238
80 784 734
606 258 472
744 645 275
934 521 962
746 190 513
90 944 388
385 477 196
46 653 386
735 662 28
995 778 534
584 210 317
669 815 574
492 910 570
767 843 90
80 940 631
944 29 574
683 765 402
878 810 407
616 544 420
643 890 197
528 825 406
844 493 572
769 985 481
338 103 675
779 182 614
410 477 994
335 159 758
89 36 568
495 651 463
914 646 353
462 173 529
220 17 22
143 785 358
976 475 812
650 605 345
616 366 821
609 701 979
367 789 14
934 635 17
748 900 662
452 361 834
981 932 202
354 75 339
63 50 165
874 51 769
218 666 135
38 275 187
16 993 327
29 278 961
397 25 212
58 477 572
244 809 856
797 162 282
135 224 683
651 449 733
772 666 751
258 703 377
444 70 369
122 450 998
434 847 22
645 904 850
568 499 10
423 296 171
56 782 746
738 785 194
471 556 859
221 813 913
597 608 982
317 729 784
314 514 630
687 158 885
537 77 384
546 500 31
69 907 812
166 645 596
360 115 503
570 687 315
835 635 274
168 951 354
951 616 867
932 302 376
817 190 453
552 88 304
582 156 210
745 321 854
693 32 320
195 954 358
862 140 992
135 307 294
841 610 909
707 541 211
435 709 400
887 260 487
542 841 642
751 586 315
957 630 698
628 824 3
986 37 142
977 172 449
271 364 410
179 70 950
389 856 659
789 94 270
627 635 111
621 738 48
935 46 677
984 673 852
987 658 889
480 635 412
280 257 775
689 435 196
991 176 52
1 316 497
270 942 132
380 562 221
779 848 266
807 184 290
11 522 948
899 1 934
662 281 190
436 321 976
631 311 503
34 311 818
531 581 112
14 312 673
586 443 873
203 249 56
492 259 577
791 509 929
724 170 561
265 957 882
593 940 544
95 973 855
265 855 787
376 220 450
400 157 892
272 359 493
679 851 103
255 641 612
536 717 133
96 981 90
329 925 29
873 20 353
79 284 560
217 659 131
666 410 288
910 682 646
402 360 848
504 967 841
467 502 909
952 949 241
41 278 166
421 150 185
125 580 820
684 796 830
815 461 239
454 722 272
99 123 632
299 979 950
139 797 451
47 748 399
639 140 676
804 912 177
340 37 756
159 72 551
340 238 364
579 691 85
850 142 560
833 440 890
782 930 686
584 328 786
983 966 277
10 770 189
539 109 577
294 620 648
197 959 886
912 537 928
996 739 69
907 923 508
796 705 437
834 288 764
971 622 82
247 984 851
787 522 311
363 815 930
363 363 241
600 274 129
527 622 867
596 880 790
103 28 846
892 861 133
7 183 107
88 429 90
290 568 611
953 930 777
234 292 140
474 891 765
603 418 738
821 365 618
962 467 645
807 710 857
292 717 39
750 156 819
839 798 386
801 750 668
577 983 959
68 457 202
185 411 971
922 583 335
891 545 153
887 703 215
743 346 931
133 95 438
952 285 235
689 85 336
356 14 319
667 81 127
868 265 889
190 539 471
876 429 367
28 668 70
242 410 767
524 895 862
314 198 146
900 886 583
236 242 596
906 260 28
32 479 645
272 668 183
742 543 963
109 922 630
530 516 392
296 391 638
509 704 835
655 604 720
589 191 313
184 96 924
211 479 402
207 750 421
389 491 315
704 951 237
685 480 104
76 128 846
65 636 902
899 642 857
971 230 47
635 765 142
559 328 620
960 534 721
733 275 211
47 978 514
635 662 345
738 90 472
936 154 108
837 405 749
693 375 331
91 9 95
584 919 774
555 231 308
275 963 582
837 9 911
350 644 572
47 733 13
518 668 519
977 856 923
726 900 297
408 342 657
502 925 928
276 479 158
935 753 472
868 942 480
778 643 475
701 689 560
714 207 227
232 535 435
506 612 334
802 19 28
810 873 952
737 500 783
246 434 887
717 301 828
549 78 471
375 778 159
934 843 717
513 426 252
947 931 863
632 84 882
659 246 106
963 982 605
745 580 38
631 648 690
459 196 119
929 571 248
439 504 91
156 368 868
759 314 799
973 298 234
854 308 479
311 270 813
915 14 392
304 645 39
993 103 587
111 383 509
359 821 364
801 328 732
668 86 45
818 411 694
52 264 2
882 575 271
694 841 285
437 145 929
828 137 383
766 600 765
274 958 937
637 110 617
368 777 54
765 947 464
458 998 80
811 231 6
82 925 846
718 713 990
998 540 479
380 657 78
496 930 387
432 919 496
48 286 624
102 402 570
565 212 919
644 22 150
649 455 426
495 172 138
836 169 30
314 548 38
391 43 968
777 827 886
624 226 523
248 327 925
817 244 136
88 239 509
589 888 964
14 734 135
503 921 656
884 235 555
922 977 950
241 106 776
126 729 1
1000 328 680
924 497 275
411 584 513
272 172 752
235 537 837
721 391 758
376 275 344
283 548 320
232 788 777
359 265 858
711 264 185
390 540 681
16 950 616
529 221 787
632 807 675
469 880 66
578 607 692
921 889 239
592 120 378
369 478 642
226 189 257
762 930 796
443 298 98
410 178 318
197 809 477
223 277 356
640 854 962
331 126 203
921 718 674
298 438 152
939 15 692
548 776 973
343 570 622
440 980 799
110 528 608
586 750 236
293 390 90
606 720 567
808 641 284
834 290 721
985 581 735
28 128 863
352 470 432
974 910 411
772 371 938
731 956 688
967 600 429
408 557 500
974 717 492
610 550 782
330 886 362
417 913 841
279 616 310
62 941 571
473 65 941
410 795 248
449 761 199
877 520 756
377 494 472
220 103 21
1 784 906
714 552 170
554 182 785
216 244 78
138 716 142
431 477 936
678 926 49
877 154 568
632 882 61
455 102 515
475 454 651
732 168 202
901 73 736
37 640 979
114 130 46
255 560 522
191 589 799
591 465 953
158 448 834
219 254 935
85 728 389
735 459 908
289 711 332
24 748 972
354 213 101
399 468 12
272 10 600
71 600 417
375 757 864
208 327 470
495 764 197
235 850 8
494 138 718
825 513 817
148 218 30
600 968 849
611 240 210
563 662 809
979 36 917
194 595 596
663 441 359
860 27 208
219 520 346
288 697 210
457 196 428
486 796 395
686 758 986
895 320 999
55 298 386
971 844 333
566 506 773
924 717 152
132 935 23
829 575 719
390 31 915
169 868 62
916 553 819
901 799 491
252 853 140
637 823 983
969 741 489
94 664 557
245 147 844
267 327 418
338 69 800
252 237 667
665 152 571
483 405 369
325 656 573
465 292 395
799 613 135
287 706 151
196 302 649
39 568 328
456 905 396
607 508 984
273 172 136
195 7 540
915 331 547
487 147 190
233 946 802
720 584 859
222 779 160
870 817 80
549 624 336
944 230 844
280 854 15
415 400 373
306 314 704
204 152 850
393 385 147
547 104 731
405 677 509
917 898 678
996 447 653
331 742 235
174 21 440
541 435 840
913 92 505
968 295 657
170 40 393
316 586 848
46 990 524
907 258 421
936 253 867
588 936 609
174 461 981
614 1 768
805 266 859
661 585 506
317 754 545
61 70 130
908 467 471
431 373 729
852 660 333
70 248 268
30 773 729
11 738 81
778 894 346
988 555 283
493 223 36
37 284 457
518 191 924
989 974 296
69 177 308
401 246 555
669 276 679
749 638 417
829 415 662
527 402 216
809 247 439
196 283 74
653 153 616
576 141 589
223 561 765
530 313 11
436 333 638
115 81 275
883 262 41
544 788 794
112 948 40
902 143 675
975 795 827
590 722 319
531 945 879
295 474 191
657 910 524
294 376 956
920 610 217
960 153 356
754 616 303
145 517 798
819 491 592
645 433 314
963 963 610
193 609 83
736 266 344
611 559 71
566 831 680
783 142 185
490 247 800
793 392 669
942 210 511
885 207 943
198 169 257
159 714 866
594 449 131
289 59 41
360 976 871
391 758 365
575 600 611
727 392 2
395 685 564
905 569 770
200 119 290
456 277 3
673 870 803
803 159 861
196 870 837
418 260 946
782 187 545
393 913 288
394 659 972
309 563 541
78 114 659
368 570 287
722 594 157
525 397 667
385 944 536
573 361 147
871 495 333
415 887 597
55 632 255
378 941 170
270 370 283
928 89 204
567 811 798
723 335 546
741 71 489
276 996 201
422 866 695
107 632 933
703 686 917
958 416 209
479 685 930
761 965 19
317 531 829
114 605 515
659 345 585
499 620 580
51 393 797
98 499 429
382 554 466
298 863 233
858 341 918
788 453 882
806 769 412
634 234 368
148 892 712
84 742 683
16 145 427
812 242 926
592 623 831
410 273 693
642 130 33
911 917 485
792 74 606
555 59 839
922 206 83
985 642 824
667 657 968
94 820 561
371 764 184
201 525 456
893 518 937
277 429 854
113 572 279
718 479 338
557 752 895
639 737 536
814 755 544
782 848 716
694 570 479
877 770 355
684 14 872
621 290 652
826 755 224
104 472 54
441 28 157
336 18 893
871 832 1000
767 965 847
482 658 417
312 535 538
666 570 904
889 190 545
541 15 299
116 119 771
521 911 150
677 246 168
922 469 999
921 587 963
119 68 620
535 731 506
425 396 76
328 636 617
872 528 632
171 995 102
293 515 12
442 192 610
609 465 430
959 385 16
921 503 435
893 390 165
750 814 912
177 493 547
794 716 75
777 238 421
230 530 936
593 324 479
202 932 943
983 243 679
998 515 181
432 407 570
596 509 735
859 37 579
406 182 295
832 958 532
252 187 414
539 132 737
17 333 20
311 316 262
989 665 777
522 97 535
443 44 395
530 903 432
108 660 613
402 843 923
286 94 461
51 985 592
139 1 925
158 664 592
772 652 608
900 525 704
786 968 100
181 497 354
964 604 365
576 358 207
498 995 652
959 45 636
550 183 989
826 692 652
769 815 655
377 66 180
432 204 147
883 736 995
236 699 598
952 274 307
158 124 301
810 434 697
797 335 231
785 513 275
788 281 89
795 9 507
974 441 710
472 675 445
466 263 143
415 214 768
722 372 243
22 533 28
71 681 363
301 466 227
575 605 859
16 399 868
522 724 660
231 195 334
27 12 596
169 427 810
288 148 533
883 521 417
910 591 97
272 892 914
850 818 519
709 833 269
576 354 993
235 936 539
920 962 551
868 482 329
677 122 828
561 4 348
977 913 291
73 537 534
987 386 351
857 94 184
125 21 889
469 607 825
8 527 138
910 394 972
590 422 93
417 334 448
764 310 360
406 734 248
939 720 986
290 576 431
825 53 452
713 521 410
889 880 288
27 789 33
350 378 454
442 146 139
889 910 448
600 315 182
200 254 253
185 895 181
967 719 233
418 431 753
180 320 633
467 698 773
500 399 503
305 840 648
444 80 909
243 31 576
424 230 829
677 766 75
857 733 793
441 502 575
193 681 246
177 500 295
302 999 693
804 655 884
803 98 963
712 341 346
287 116 927
467 144 693
541 352 777
685 792 630
259 337 663
505 865 162
151 166 512
844 321 166
727 124 616
42 835 308
387 473 423
313 939 919
357 831 270
485 515 414
115 125 102
777 981 966
938 132 484
449 975 804
966 53 279
581 94 465
888 832 937
663 497 227
581 205 57
202 690 923
967 804 48
68 580 380
34 869 511
869 669 837
672 634 242
303 567 335
767 806 519
704 468 367
282 400 571
339 954 260
613 920 63
12 340 994
392 373 862
254 593 530
91 616 516
332 918 82
18 685 239
888 740 707
254 21 458
825 711 411
84 676 683
499 687 22
492 78 746
354 684 338
235 774 953
750 457 223
183 826 259
422 714 998
480 319 370
937 143 433
700 579 460
734 77 146
755 920 576
852 625 259
189 860 384
493 961 192
715 144 17
973 917 82
322 396 401
44 684 895
828 735 473
287 468 901
784 574 821
359 425 445
969 613 656
352 458 617
543 524 112
912 849 28
993 522 775
393 565 810
288 744 545
112 30 12
365 166 586
537 524 362
333 493 975
989 196 784
957 739 307
68 650 155
447 994 677
221 387 593
30 26 337
926 489 718
290 853 235
875 389 759
236 722 603
562 62 798
345 18 888
4 85 889
158 531 883
186 103 621
131 484 646
819 410 134
888 699 339
123 925 727
881 512 800
835 426 861
632 122 878
872 125 962
760 635 844
994 172 298
614 302 782
611 120 543
97 8 593
435 130 517
513 362 380
313 196 805
173 179 927
51 402 403
364 162 389
560 507 561
209 473 862
342 435 334
884 531 693
476 317 822
344 830 535
724 494 82
528 18 612
806 420 14
209 136 527
597 695 385
157 255 857
371 597 292
704 480 174
396 308 491
569 651 672
455 374 517
888 254 534
851 59 954
864 619 89
742 216 135
127 724 389
335 446 985
626 501 817
800 248 124
642 168 126
665 974 852
181 861 105
714 712 515
667 927 134
107 669 701
241 147 776
982 481 222
966 107 722
134 258 970
609 899 489
735 563 463
938 95 323
42 808 386
556 827 313
41 933 981
741 526 479
517 507 959
738 824 417
811 958 674
132 566 924
621 652 486
83 589 580
757 982 740
143 890 566
807 930 850
139 671 375
617 539 233
575 628 57
992 438 14
665 922 931
589 894 935
426 328 523
358 84 505
97 578 394
14 384 675
215 522 697
590 138 235
174 65 862
230 408 652
595 72 925
878 12 818
812 790 145
686 147 580
190 595 510
935 960 245
962 174 767
658 115 256
893 289 672
106 518 79
109 465 503
385 342 866
554 153 655
50 838 153
630 380 99
491 666 58
735 979 232
853 637 346
109 881 986
132 338 856
211 799 320
713 183 13
578 737 517
585 786 706
89 767 437
188 257 103
245 992 81
828 844 69
526 304 949
863 788 287
718 998 85
37 62 619
401 991 355
917 927 493
623 16 259
59 203 868
513 799 859
946 979 54
14 504 710
315 366 497
601 84 846
37 472 907
7 225 249
714 141 176
206 115 191
816 174 745
683 38 543
893 983 521
299 349 376
8 663 742
856 615 177
701 3 1000
959 9 576
207 722 717
382 927 183
924 95 708
668 777 746
211 670 80
83 968 428
459 327 442
552 182 56
728 234 58
79 192 419
655 398 140
723 132 419
905 407 513
613 75 289
710 637 310
789 719 629
569 529 955
10 80 488
418 159 721
475 590 912
245 244 662
385 318 145
155 222 903
667 186 329
307 895 965
969 684 36
597 252 564
904 613 996
391 30 154
464 857 743
727 101 338
740 837 7
884 991 229
139 9 766
467 316 661
432 636 696
819 232 299
734 487 911
81 878 293
235 693 149
329 419 249
19 159 86
25 394 428
605 532 437
723 351 752
383 134 387
430 952 970
80 37 457
342 118 686
634 704 378
782 384 148
383 402 658
820 779 404
247 735 287
683 457 637
786 191 770
524 620 721
846 699 110
654 41 579
339 26 282
68 160 665
215 542 419
225 713 197
628 311 283
914 994 740
551 131 930
320 7 902
393 852 952
854 505 344
432 195 370
713 262 529
729 828 422
147 404 134
695 31 796
978 945 789
69 847 272
998 166 630
251 910 833
203 763 337
546 194 883
267 258 496
147 987 675
568 485 79
53 180 109
849 509 405
989 577 251
612 926 769
241 177 30
73 731 145
761 276 690
643 895 948
490 41 286
165 609 770
595 13 301
703 213 809
460 554 737
62 165 663
182 406 191
212 830 921
708 943 548
397 937 442
344 427 483
629 591 443
751 537 455
51 239 20
212 50 573
948 464 737
962 645 494
152 208 676
72 915 618
620 664 554
61 7 980
895 988 922
337 738 458
144 140 49
163 351 450
87 299 913
823 260 910
669 764 117
344 835 384
961 806 47
866 219 405
846 113 744
119 802 833
929 945 973
977 459 675
426 897 973
691 71 585
600 739 700
68 434 886
451 746 692
849 612 262
606 809 726
349 927 527
182 855 823
506 183 633
180 961 529
505 651 600
89 602 338
788 669 124
25 120 869
716 320 832
329 925 640
55 274 919
581 807 125
404 312 660
36 843 620
917 347 622
516 787 575
205 926 243
328 951 714
549 666 34
380 995 310
372 49 583
290 981 741
766 736 404
425 772 247
396 40 593
369 555 380
943 759 305
186 439 255
251 339 273
284 718 619
946 441 667
528 82 999
621 848 735
24 624 858
270 20 897
863 740 451
242 683 561
898 220 351
153 822 689
425 458 759
43 403 199
61 930 281
411 902 480
145 926 103
2 195 474
250 409 566
52 650 248
613 900 819
315 52 640
4 828 97
762 222 499
312 634 781
944 44 34
423 189 959
878 542 506
351 144 914
916 195 916
515 159 815
685 474 218
677 829 45
125 942 618
624 253 251
756 197 646
141 619 186
100 496 728
605 199 223
518 466 417
433 981 576
599 17 401
816 693 229
212 818 170
829 793 774
79 900 970
725 40 941
910 139 788
989 95 338
563 965 804
980 749 136
907 348 152
307 515 845
887 727 14
408 555 806
181 986 705
503 62 96
795 323 587
934 664 681
272 226 997
427 557 746
914 463 445
65 121 959
261 7 685
274 766 592
431 299 577
135 153 990
231 299 664
169 232 327
849 855 905
846 633 461
943 546 924
387 611 44
345 223 403
30 849 520
621 279 818
549 766 322
538 996 620
201 164 204
880 364 58
784 561 43
244 503 588
519 889 550
915 234 773
669 615 621
188 587 251
358 135 16
679 24 363
651 576 878
854 807 242
911 590 802
953 186 657
893 704 545
442 970 130
566 638 744
538 178 330
789 535 816
804 565 191
167 215 119
44 68 925
637 331 867
791 635 52
447 527 107
343 321 77
473 238 714
216 776 243
898 916 777
65 719 694
256 237 908
374 281 328
298 269 658
516 59 644
567 505 523
26 848 843
102 672 80
167 239 207
410 136 122
538 553 841
231 808 429
491 533 61
818 182 330
827 698 388
822 616 245
344 641 444
186 742 115
618 261 353
176 670 841
298 559 745
490 790 904
918 280 436
979 449 969
660 275 666
47 96 282
643 792 922
86 329 16
552 298 276
257 474 297
449 771 855
193 612 996
96 529 275
531 859 723
499 518 349
517 917 797
150 559 940
71 645 268
438 548 566
65 804 39
713 252 161
568 444 772
563 539 652
190 421 511
264 272 380
965 140 296
113 289 207
52 711 203
319 149 750
884 565 554
274 278 805
434 197 601
205 759 491
857 300 912
719 916 535
98 880 26
746 992 314
952 395 24
154 713 524
255 949 89
808 574 718
965 8 914
565 564 24
55 420 324
318 490 591
204 940 470
229 685 813
542 988 559
918 493 623
793 747 923
233 555 497
950 871 856
863 435 419
887 841 191
562 159 680
152 714 619
973 943 303
137 836 642
695 753 134
317 898 881
592 130 787
88 80 657
943 942 443
361 180 283
551 93 793
583 596 507
201 920 801
856 56 636
497 102 741
631 771 638
863 362 767
649 449 846
657 743 140
99 455 671
733 6 116
526 588 711
384 140 983
184 995 38
819 844 492
911 826 262
548 688 975
667 688 775
864 696 517
355 794 971
26 526 328
493 403 267
203 786 407
185 969 753
575 140 948
418 50 773
679 950 812
5 616 851
131 831 546
647 186 691
969 211 569
649 703 971
267 257 757
25 794 77
778 720 568
725 137 618
850 167 919
661 171 886
864 301 716
409 299 901
452 619 463
20 267 517
990 534 774
98 558 919
527 687 638
94 764 774
63 613 940
981 625 462
218 840 762
934 601 412
186 52 30
649 71 649
517 412 534
642 862 443
560 388 130
549 481 245
322 896 209
613 228 833
426 446 25
187 731 625
950 916 676
980 916 98
980 785 509
513 426 722
955 338 109
436 886 942
680 560 837
888 524 416
73 950 861
97 488 943
73 438 859
748 769 126
845 748 910
705 612 688
779 918 25
887 354 262
180 33 821
368 273 345
784 697 294
996 145 781
939 217 570
149 964 338
274 160 437
536 216 48
575 994 966
599 233 671
860 764 55
33 132 327
377 267 375
22 262 519
154 200 735
724 348 50
413 974 209
850 861 777
249 435 122
214 385 354
884 596 118
939 628 601
617 356 867
992 377 480
510 883 680
597 606 379
646 18 352
207 219 564
983 468 998
104 33 382
810 269 978
279 207 957
879 175 313
97 518 689
576 28 923
607 976 528
986 621 898
689 827 468
253 809 935
602 265 968
336 74 236
665 352 794
621 230 320
285 678 838
326 605 217
248 212 192
776 549 812
25 589 639
492 841 799
779 795 63
98 482 488
333 146 839
478 118 420
797 403 97
634 728 702
202 975 265
393 102 813
205 126 401
195 970 594
345 748 740
760 845 221
247 529 366
86 358 835
857 154 237
306 140 964
359 341 939
623 86 40
787 642 518
539 836 839
484 532 586
223 291 782
443 538 310
160 975 667
995 831 172
231 136 663
547 494 356
837 468 441
876 254 82
745 145 269
583 628 800
520 851 443
301 645 980
962 157 306
980 503 488
504 733 976
166 631 821
521 467 289
961 695 894
394 439 38
662 374 666
814 893 868
256 546 512
587 507 668
244 839 170
731 342 255
706 507 237
527 380 704
167 340 750
60 734 540
98 747 913
115 560 158
982 167 703
493 753 561
513 996 751
34 727 92
640 784 951
877 310 330
932 476 21
681 888 754
220 337 853
485 451 412
642 432 579
344 276 683
256 140 31
7 526 109
450 165 892
400 393 554
81 324 381
102 356 268
207 576 604
59 60 406
823 53 837
753 748 465
435 3 604
817 361 481
925 811 646
169 562 390
722 643 66
454 96 421
74 302 348
29 713 759
435 535 163
623 287 910
87 73 265
43 242 977
875 166 139
872 686 701
262 759 695
679 213 790
451 638 443
151 666 155
261 100 41
424 75 679
333 513 104
949 907 345
926 782 862
64 653 548
116 914 306
810 592 870
951 395 507
746 545 173
252 805 624
293 228 50
323 913 563
426 861 469
122 138 602
984 202 255
883 317 520
540 479 464
410 781 858
916 526 402
440 130 206
416 774 434
465 96 698
379 874 558
200 347 696
801 330 249
55 564 917
575 104 747
38 513 528
247 780 405
648 572 886
853 987 659
638 803 107
335 182 980
245 381 326
292 533 8
540 588 571
808 514 26
555 903 538
434 149 670
190 796 241
428 1000 579
86 990 381
192 676 914
523 920 646
201 563 179
208 454 766
130 262 631
156 168 533
45 953 33
714 494 180
306 921 179
884 7 520
617 550 196
530 73 467
176 273 30
354 832 483
471 961 96
453 468 263
985 865 215
17 930 709
196 236 981
726 471 987
598 87 889
145 617 961
611 144 585
992 849 768
827 671 80
922 123 548
537 107 764
103 475 693
163 22 280
144 99 751
482 696 837
370 840 805
682 803 300
618 794 148
385 620 818
465 894 940
364 430 398
127 884 224
171 47 245
451 190 344
201 23 391
389 393 231
546 74 33
845 44 178
993 428 150
162 244 395
454 607 176
851 85 59
75 256 105
671 706 646
14 258 669
405 998 413
987 543 838
371 740 881
548 732 309
49 245 552
443 698 511
618 549 595
677 975 850
133 645 907
779 11 516
799 767 514
211 753 408
48 123 147
929 22 230
589 71 475
492 513 172
2 131 72
597 159 46
798 291 43
57 421 53
572 219 171
437 781 275
845 181 749
991 461 770
221 49 192
47 540 705
570 894 187
642 842 345
39 991 987
81 47 408
485 971 978
7 407 759
281 603 291
29 946 751
151 518 799
342 564 690
398 133 935
584 774 776
280 165 767
267 597 165
26 82 135
3 440 894
113 721 496
403 749 441
153 899 958
303 241 873
345 990 6
279 574 131
55 205 295
173 471 244
337 496 677
824 851 116
717 963 836
564 366 937
357 870 187
666 173 779
539 517 769
896 795 342
378 201 546
25 373 369
268 62 216
944 885 66
59 953 29
247 516 746
183 224 615
369 890 139
148 780 655
916 27 802
609 756 2
154 780 727
874 399 788
90 342 672
507 753 624
535 999 491
632 533 715
599 901 956
737 400 87
392 315 465
193 923 220
546 429 1000
272 654 750
59 743 92
82 250 196
705 136 194
196 120 726
262 718 978
569 454 378
655 845 44
119 389 319
338 287 747
689 558 400
439 969 495
882 50 96
77 107 583
622 654 702
699 915 419
676 483 873
405 489 69
449 607 810
767 296 96
865 337 5
616 127 325
462 8 727
557 436 833
492 57 486
193 755 752
964 782 234
836 539 74
256 987 32
417 105 327
864 969 15
869 936 141
545 398 500
271 306 935
103 797 343
940 342 449
691 305 231
924 140 121
349 747 107
380 164 563
59 27 883
73 247 818
566 144 567
65 414 873
352 869 21
694 808 362
143 499 666
725 774 157
845 123 256
303 502 419
865 560 797
99 985 396
916 902 539
835 966 952
59 317 820
79 363 628
441 857 478
458 933 251
615 777 725
222 431 227
640 647 138
788 745 474
183 12 375
721 846 693
25 904 361
844 335 723
823 775 579
652 584 863
903 550 639
627 771 421
205 762 419
695 550 163
168 732 527
543 805 372
587 829 628
947 24 962
670 199 88
600 202 671
463 104 573
453 83 343
226 639 105
644 333 6
159 853 737
685 395 893
408 333 73
387 279 449
348 300 999
435 900 200
458 714 656
30 518 738
724 743 376
828 739 61
833 897 913
922 933 659
166 692 991
239 79 269
39 426 569
37 213 820
236 22 885
891 403 402
980 126 497
708 306 235
768 490 483
32 763 767
690 929 458
32 519 536
300 909 314
220 945 526
391 532 899
275 423 301
677 754 778
173 461 83
759 580 925
593 963 687
359 652 967
816 35 837
352 687 745
17 906 689
542 297 221
792 571 995
444 599 100
221 123 913
656 881 492
580 473 807
618 183 810
585 999 845
421 702 531
166 718 436
206 611 84
778 402 7
772 845 605
224 417 728
136 72 960
979 3 785
785 621 967
595 557 965
439 977 18
321 494 735
108 700 345
192 829 98
198 953 294
154 176 711
233 311 134
193 289 137
977 426 109
295 20 665
260 810 993
629 482 839
364 589 890
60 780 718
158 329 670
803 835 845
513 67 507
999 611 796
487 939 573
595 234 944
611 845 105
955 473 586
793 188 174
34 248 306
752 757 986
773 559 820
618 72 239
124 422 201
271 908 140
195 854 373
138 464 569
242 770 41
827 915 229
353 948 828
658 51 584
995 824 142
167 793 565
405 916 986
605 539 893
96 733 746
468 223 561
36 464 683
429 643 597
9 995 896
836 4 947
419 998 122
560 164 914
477 568 181
462 525 71
707 620 804
452 440 378
365 827 841
47 255 483
995 615 829
890 450 832
188 220 830
309 132 993
574 608 913
755 69 789
825 127 408
980 931 199
357 295 26
550 693 632
384 687 247
213 928 48
44 116 268
225 776 399
218 350 358
482 456 778
270 632 905
677 964 835
1 2
