10 300
4 7 13.1538
8 6 45.865
4 6 21.8959
7 3 67.8865
10 2 93.4693
3 8 51.9416
1 10 3.45721
4 7 52.97
1 7 0.769819
3 7 6.68422
2 9 68.6773
8 10 93.0436
3 1 52.6929
3 4 65.3919
8 6 70.1191
10 3 76.2198
3 9 4.74645
10 8 32.8234
4 7 75.641
2 3 36.5339
10 4 98.255
2 10 75.3356
5 8 7.26859
9 5 88.4707
6 1 43.6411
4 7 47.7732
2 1 27.4907
7 4 16.6507
3 1 89.7656
7 2 6.05643
6 6 50.4523
5 8 31.9033
7 6 49.3977
7 10 9.07329
4 8 7.37491
5 6 38.4142
3 6 91.3817
5 8 46.4446
5 5 5.0084
4 1 77.0205
8 9 12.5365
7 9 68.8455
9 5 62.9543
4 2 72.5412
5 10 88.8572
3 1 30.6322
7 9 51.3274
10 3 84.5982
7 7 84.1511
5 10 41.5395
6 1 46.7917
5 9 17.8328
8 2 57.1655
8 3 3.30538
8 3 49.848
3 7 74.8293
2 1 89.0737
7 2 84.204
6 10 21.2752
5 10 13.0427
1 10 27.4588
2 8 41.4293
8 2 70.982
2 6 23.9911
10 8 31.754
8 7 65.2059
8 4 68.1346
7 6 38.7725
7 4 14.7533
10 5 84.5576
9 2 95.5409
3 10 14.8152
4 10 40.8767
1 9 56.4899
9 6 48.8515
1 10 96.1095
7 4 19.9757
9 6 62.9269
7 2 65.1254
2 6 80.3073
10 9 47.6432
5 9 20.325
2 1 90.1673
4 1 14.2021
5 5 41.0313
5 5 88.5648
8 7 16.2199
4 2 36.5339
8 6 13.5109
10 7 45.5307
3 2 45.23
8 9 93.1674
6 8 21.5248
5 2 90.8922
9 6 86.086
10 8 50.5956
6 4 81.7561
9 9 46.2245
4 2 63.2739
9 10 82.4697
7 5 70.2207
4 4 95.4415
4 9 28.9316
7 1 51.4435
5 9 41.4028
9 9 87.6566
10 8 72.9748
8 7 71.5642
5 4 70.6535
1 4 1.90924
1 10 52.4987
3 6 6.51939
5 1 48.8943
6 10 68.2049
5 7 91.6634
10 3 89.0019
3 5 13.9195
8 8 98.9362
6 5 44.6023
9 2 51.4659
3 9 43.9726
10 4 80.665
7 9 21.1519
1 3 15.3604
2 1 61.635
6 2 0.0879
2 1 72.7335
9 6 41.7724
1 7 68.0562
5 7 83.642
3 6 82.8708
9 7 8.17376
3 9 62.9572
5 8 21.3547
3 5 38.8823
1 7 94.7545
3 10 26.9215
10 1 28.4035
9 2 78.3865
4 2 28.2156
2 1 1.13162
4 5 98.3236
1 4 81.9726
10 2 39.8144
10 7 17.688
10 4 15.7731
4 9 25.7169
1 6 10.1637
7 7 63.4717
5 1 79.477
1 5 75.294
7 3 63.343
7 8 59.8217
6 7 31.8778
10 9 11.7437
8 3 52.6123
9 3 58.7989
10 10 70.2989
7 1 16.1688
3 8 86.0226
7 2 55.6836
4 3 31.6007
2 6 52.8548
10 10 58.8119
2 5 43.0848
10 2 37.0226
1 8 44.6866
6 9 38.7831
8 1 7.82632
5 9 25.3922
1 5 67.6237
3 10 72.8608
7 2 94.4753
1 5 94.0163
3 3 46.0434
3 1 66.1355
6 6 60.564
3 10 15.0394
1 3 34.3818
9 4 52.2808
9 1 1.49506
5 1 64.2979
10 2 91.7848
10 7 97.0087
3 6 84.3975
5 5 45.5752
10 10 2.20837
4 7 70.695
1 6 43.6638
1 3 75.171
10 5 69.5679
4 6 75.3863
2 8 0.425392
5 4 7.99169
2 5 90.3301
7 10 74.6679
5 3 0.634169
3 7 51.8478
5 2 54.4023
3 9 21.5826
9 10 62.6861
3 9 70.932
9 9 28.0289
7 9 37.191
4 9 31.0169
4 4 10.3797
4 9 77.588
1 5 5.52788
8 7 16.0274
9 10 29.7022
1 7 47.7804
9 8 51.9988
10 1 15.0312
4 4 83.3682
4 8 57.7776
4 3 33.1175
7 6 98.6883
3 7 0.165742
6 9 2.93555
8 10 48.9652
7 1 73.8959
5 2 53.6267
1 5 12.2507
9 8 18.8276
1 9 61.4126
7 3 12.5933
5 8 95.4028
10 4 83.8102
10 3 25.9014
9 4 42.4336
1 2 89.7914
8 9 76.0617
10 2 45.1851
6 5 66.5503
10 3 20.9562
6 8 54.6975
5 10 17.5974
10 5 43.1908
6 10 68.7414
4 6 83.6207
8 1 97.3346
9 2 8.03531
10 10 76.9437
8 9 25.0155
3 6 76.9114
4 5 74.9252
10 1 68.1666
3 1 3.63676
2 10 22.1667
7 3 65.2622
2 3 37.1466
1 8 23.3691
4 2 16.5928
2 10 15.9758
1 6 66.1994
7 8 94.9157
8 5 62.1046
1 7 1.79445
5 8 72.1872
5 9 5.36944
6 9 51.9175
3 7 6.53563
1 7 97.718
7 5 32.9056
7 3 74.3274
9 10 17.1379
7 1 93.9725
8 1 25.4957
2 1 12.3849
2 4 16.0083
8 8 10.5185
3 7 36.8562
5 6 32.7228
3 1 57.6776
3 10 75.8246
1 10 69.9791
10 5 93.5242
6 2 36.2084
1 4 45.5072
8 9 24.044
9 7 42.1579
1 5 28.9766
7 8 21.6386
7 1 52.7439
10 8 86.3643
6 10 71.1564
8 9 38.2822
6 4 45.9763
4 9 79.5353
4 8 0.322878
10 4 66.4689
8 9 18.6825
8 5 13.4039
2 10 94.6045
1 10 60.6001
9 9 34.7492
6 9 50.9658
5 4 83.4338
8 2 32.9434
4 9 63.1763
1 2
